-4 -4 -23.299211
-4 -3 -15.047407
-4 -2 -5.824803
-4 -1 4.368602
-4 0 15.532808
-4 1 27.667814
-4 2 40.773620
-4 3 54.850227
-4 4 69.897634
-3 -4 -25.203618
-3 -3 -17.029472
-3 -2 -7.492968
-3 -1 3.405894
-3 0 15.667114
-3 1 29.290692
-3 2 44.276627
-3 3 60.624920
-3 4 78.335571
-2 -4 -20.360481
-2 -3 -14.422007
-2 -2 -6.786827
-2 -1 2.545060
-2 0 13.573654
-2 1 26.298954
-2 2 40.720961
-2 3 56.839675
-2 4 74.655095
-1 -4 -8.644774
-1 -3 -6.723713
-1 -2 -2.881591
-1 -1 2.881591
-1 0 10.565835
-1 1 20.171140
-1 2 31.697506
-1 3 45.144933
-1 4 60.513421
0 -4 8.000000
0 -3 5.000000
0 -2 4.000000
0 -1 5.000000
0 0 8.000000
0 1 13.000000
0 2 20.000000
0 3 29.000000
0 4 40.000000
1 -4 25.934323
1 -3 18.250079
1 -2 12.486896
1 -1 8.644774
1 0 6.723713
1 1 6.723713
1 2 8.644774
1 3 12.486896
1 4 18.250079
2 -4 40.720961
2 -3 29.692367
2 -2 20.360481
2 -1 12.725300
2 0 6.786827
2 1 2.545060
2 2 0.000000
2 3 -0.848353
2 4 0.000000
3 -4 48.363700
3 -3 36.102480
3 -2 25.203618
3 -1 15.667114
3 0 7.492968
3 1 0.681179
3 2 -4.768252
3 3 -8.855325
3 4 -11.580041
4 -4 46.598423
4 -3 35.434217
4 -2 25.240812
4 -1 16.018208
4 0 7.766404
4 1 0.485400
4 2 -5.824803
4 3 -11.164205
4 4 -15.532808
